0.5537421544386962
2.498909051664074
2.460060126744791
1.9844653968763062
-2.9160917365612167
1.2048484202477079
-0.7622701226724877
0.11630770046138306
0.9924383276466164
-1.9235958127940909
-1.4305782372210243
1.3735415900651207
1.7781641208316445
2.2011734789331534
1.7294146738215828
-2.911224022186897
-2.40838429156288
1.578843198998931
-1.6385402723546971
-1.5405992506075
2.2470274829181465
2.8260449683589304
0.3875899599017809
-2.018281518058492
1.6980429755320765
-0.047871339949845826
0.824687333071147
2.133128361069385
-0.24479669277424554
-0.012942901129407325
1.1272732977552549
0.9474158401493504
-1.4527023588714385
-2.718579295467798
1.7055401050398515
-0.119480220538136
-1.073127789488372
0.0668597278125862
-1.4851638708039598
-1.1905910446293386
0.7970436560245915
0.3609678056880159
-1.1398982456702376
-0.660719529652658
-1.520690526055923
0.5167362174716117
-2.1260495149110046
0.6165929744849818
2.047209913347656
-2.1589545056772437
1.472153580437455
-0.574010245276698
1.7510477459843452
1.909903404228528
1.7974398907715639
0.5798564396616119
1.0335161423835135
0.9209094227816834
-0.46723978276321576
0.08525235530956099
0.007903265155710493
-2.908588197690568
1.3076319914320766
0.7566877778183332
1.7455225029161516
-0.25503784905181304
-0.75520397269766
-1.3075798489407795
0.35957954792486957
-2.6127771480045374
0.8248670546678811
2.793318757706916
2.458217931150525
2.378704502723484
-0.975454296153182
1.276118278806461
0.17176723640371172
1.0010179544884172
-1.4558728860284846
0.6771205299986365
-2.839010973881522
1.2283667451751468
-1.2612119890787163
-2.1008737686559216
-1.053992145125242
-2.1021166417777852
2.605247270032379
-1.357010909520344
-2.4654762681970372
-2.4064488499496837
1.6055021215910896
2.1293366804208134
-2.918306929746523
-2.3785389435292412
2.456776066564811
0.09482730444635257
2.6667032979528855
0.5104624973136964
1.7169205178165718
-0.485835401357269
