0.146664
0.150026
0.153435
0.156889
0.160388
0.163931
0.167516
0.171143
0.17481
0.178516
0.18226
0.18604
0.189854
0.193701
0.19758
0.201488
0.205424
0.209387
0.213374
0.217384
0.221415
0.225466
0.229535
0.23362
0.237721
0.241836
0.245963
0.250103
0.254254
0.258416
0.262588
0.26677
0.270962
0.275163
0.279375
0.283596
0.287828
0.292071
0.296325
0.300591
0.30487
0.309162
0.313468
0.317788
0.322124
0.326476
0.330845
0.33523
0.339632
0.344052
0.34849
0.352945
0.357418
0.361909
0.366416
0.370941
0.375482
0.380038
0.384609
0.389194
0.393792
0.398401
0.40302
0.407649
0.412285
0.416927
0.421574
0.426224
0.430876
0.435527
0.440176
0.444822
0.449462
0.454096
0.458722
0.463337
0.467942
0.472534
0.477112
0.481675
0.486221
0.49075
0.495261
0.499753
0.504225
0.508677
0.513108
0.517518
0.521906
0.526273
0.530618
0.534942
0.539244
0.543525
0.547786
0.552026
0.556246
0.560446
0.564627
0.56879
0.572935
0.577062
0.581173
0.585267
0.589345
0.593408
0.597455
0.601488
0.605506
0.609509
0.613497
0.617471
0.621429
0.625373
0.6293
0.633211
0.637105
0.640981
0.644838
0.648674
0.652489
0.656281
0.660049
0.663791
0.667505
0.671189
0.674842
0.678462
0.682047
0.685594
0.689102
0.692569
0.695993
0.699371
0.702703
0.705986
0.709219
0.7124
0.715529
0.718605
0.721626
0.724593
0.727505
0.730362
0.733165
0.735914
0.73861
0.741255
0.743849
0.746395
0.748895
0.751349
0.753761
0.756133
0.758468
0.760767
0.763033
0.76527
0.767478
0.769662
0.771822
0.773962
0.776083
0.778187
0.780275
0.78235
0.784412
0.786462
0.788501
0.790529
0.792546
0.794553
0.796549
0.798533
0.800505
0.802464
0.804409
0.806339
0.808253
0.81015
0.812029
0.813889
0.815729
0.817547
0.819344
0.821118
0.822869
0.824597
0.8263
0.827979
0.829634
0.831264
0.83287
0.834452
0.836009
0.837543
0.839053
0.840539
0.842003
0.843444
0.844863
0.84626
0.847635
0.848989
0.850323
0.851636
0.85293
0.854203
0.855458
0.856693
0.857909
0.859107
0.860287
0.861448
0.862592
0.863717
0.864826
0.865916
0.86699
0.868046
0.869085
0.870106
0.871111
0.872099
0.87307
0.874024
0.874961
0.875881
0.876784
0.87767
0.878539
0.879391
0.880226
0.881044
0.881845
0.882629
0.883396
0.884146
0.884878
0.885594
0.886292
0.886973
0.887637
0.888284
0.888913
0.889526
0.890121
0.890699
0.89126
0.891805
0.892332
0.892842
0.893336
0.893813
0.894273
0.894716
0.895144
0.895554
0.895949
0.896328
0.89669
0.897037
0.897368
0.897683
0.897984
0.898268
0.898538
0.898793
0.899033
0.899259
0.899471
0.899668
0.899851
0.900021
0.900176
0.900319
0.900448
0.900565
0.900669
0.90076
0.900838
0.900905
0.90096
0.901003
0.901034
0.901054
0.901063
0.901061
0.901049
0.901025
0.900992
0.900949
0.900895
0.900832
0.90076
0.900678
0.900587
0.900487
0.900378
0.900261
0.900136
0.900002
0.89986
0.899711
0.899554
0.899389
0.899217
0.899038
0.898852
0.898659
0.89846
0.898254
0.898041
0.897823
0.897598
0.897368
0.897132
0.89689
0.896643
0.896391
0.896133
0.895871
0.895603
0.895331
0.895054
0.894773
0.894487
0.894197
0.893903
0.893605
0.893304
0.892998
0.892689
0.892376
0.89206
0.891741
0.891418
0.891093
0.890764
0.890433
0.890099
0.889762
0.889423
0.889082
0.888739
0.888393
0.888045
0.887696
0.887344
0.886991
0.886637
0.886281
0.885923
0.885565
0.885205
0.884845
0.884483
0.884121
0.883758
0.883395
0.883031
0.882667
0.882303
0.881939
0.881575
0.881212
0.880848
0.880486
0.880124
0.879763
0.879402
0.879043
0.878685
0.878329
0.877974
0.877621
0.877269
0.87692
0.876572
0.876228
0.875885
0.875545
0.875208
0.874874
0.874543
0.874216
0.873892
0.873571
0.873255
0.872942
0.872634
0.87233
0.872031
0.871736
0.871447
0.871162
0.870883
0.870609
0.870342
0.870079
0.869824
0.869574
0.86933
0.869094
0.868864
0.868641
0.868425
0.868217
0.868016
0.867822
0.867636
0.867459
0.867289
0.867127
0.866974
0.866829
0.866693
0.866565
0.866446
0.866336
0.866235
0.866142
0.866059
0.865985
0.865919
0.865863
0.865816
0.865778
0.865748
0.865728
0.865717
0.865714
0.86572
0.865735
0.865758
0.86579
0.865829
0.865877
0.865933
0.865996
0.866067
0.866144
0.866229
0.866321
0.866419
0.866523
0.866633
0.866749
0.86687
0.866995
0.867126
0.86726
0.867399
0.867541
0.867687
0.867835
0.867986
0.868139
0.868294
0.86845
0.868607
0.868765
0.868924
0.869082
0.86924
0.869397
0.869553
0.869708
0.869861
0.870012
0.870161
0.870308
0.870451
0.870591
0.870728
0.870861
0.870991
0.871116
0.871237
0.871353
0.871465
0.871572
0.871674
0.871771
0.871862
0.871948
0.872029
0.872104
0.872174
0.872238
0.872296
0.872349
0.872396
0.872437
0.872473
0.872502
0.872527
0.872545
0.872559
0.872566
0.872569
0.872566
0.872558
0.872545
0.872527
0.872505
0.872477
0.872446
0.87241
0.87237
0.872326
0.872278
0.872227
0.872173
0.872115
0.872054
0.871991
0.871926
0.871858
0.871788
0.871716
0.871643
0.871569
0.871494
0.871417
0.871341
0.871264
0.871187
0.871111
0.871035
0.87096
0.870886
0.870813
0.870742
0.870672
0.870605
0.87054
0.870477
0.870417
0.87036
0.870306
0.870255
0.870207
0.870164
0.870123
0.870087
0.870055
0.870026
0.870002
0.869981
0.869965
0.869953
0.869945
0.869941
0.869941
0.869944
0.869952
0.869962
0.869976
0.869993
0.870013
0.870036
0.870061
0.870087
0.870116
0.870145
0.870175
0.870206
0.870237
0.870267
0.870296
0.870324
0.87035
0.870374
0.870395
0.870413
0.870427
0.870437
0.870443
0.870443
0.870438
0.870427
0.87041
0.870386
0.870356
0.870318
0.870273
0.87022
0.870159
0.87009
0.870013
0.869927
0.869833
0.869731
0.869619
0.8695
0.869371
0.869234
0.869089
0.868936
0.868774
0.868604
0.868427
0.868242
0.86805
0.86785
0.867644
0.867431
0.867212
0.866986
0.866756
0.86652
0.866279
0.866033
0.865783
0.865529
0.865272
0.865011
0.864748
0.864482
0.864214
0.863944
0.863673
0.863401
0.863128
0.862856
0.862583
0.862311
0.86204
0.86177
0.861501
0.861235
0.860971
0.860709
0.860451
0.860195
0.859944
0.859696
0.859452
0.859213
0.858979
0.85875
0.858527
0.858309
0.858097
0.857891
0.857692
0.8575
0.857314
0.857136
0.856965
0.856802
0.856646
0.856499
0.85636
0.856229
0.856106
0.855993
0.855888
0.855792
0.855705
0.855627
0.855558
0.855498
0.855448
0.855407
0.855376
0.855353
0.855341
0.855337
0.855343
0.855358
0.855382
0.855415
0.855457
0.855509
0.855568
0.855637
0.855714
0.855799
0.855893
0.855994
0.856104
0.85622
0.856345
0.856476
0.856614
0.856758
0.856909
0.857066
0.857229
0.857398
0.857571
0.85775
0.857933
0.85812
0.858312
0.858507
0.858706
0.858908
0.859113
0.85932
0.85953
0.859742
0.859955
0.86017
0.860386
0.860602
0.86082
0.861038
0.861255
0.861473
0.861691
0.861907
0.862123
0.862338
0.862552
0.862765
0.862975
0.863184
0.863392
0.863597
0.8638
0.864001
0.864199
0.864395
0.864588
0.864778
0.864966
0.86515
0.865332
0.865511
0.865687
0.865859
0.866029
0.866195
0.866358
0.866518
0.866675
0.866829
0.866979
0.867126
0.86727
0.867411
0.867548
0.867682
0.867813
0.867942
0.868066
0.868188
0.868307
0.868423
0.868536
0.868646
0.868753
0.868857
0.868958
0.869056
0.869152
0.869245
0.869335
0.869422
0.869507
0.869589
0.869668
0.869745
0.869819
0.86989
0.869959
0.870026
0.87009
0.870151
0.87021
0.870267
0.87032
0.870372
0.870421
0.870467
0.870511
0.870553
0.870591
0.870628
0.870662
0.870693
0.870722
0.870748
0.870772
0.870793
0.870811
0.870827
0.87084
0.87085
0.870858
0.870862
0.870865
0.870864
0.87086
0.870854
0.870845
0.870833
0.870817
0.870799
0.870778
0.870754
0.870727
0.870697
0.870664
0.870627
0.870588
0.870545
0.870499
0.87045
0.870398
0.870342
0.870283
0.870221
0.870156
0.870087
0.870015
0.86994
0.869861
0.869779
0.869694
0.869606
0.869514
0.869418
0.86932
0.869218
0.869113
0.869004
0.868893
0.868778
0.868659
0.868538
0.868414
0.868286
0.868155
0.868022
0.867885
0.867745
0.867602
0.867457
0.867308
0.867157
0.867003
0.866847
0.866688
0.866526
0.866362
0.866196
0.866028
0.865857
0.865684
0.865509
0.865332
0.865154
0.864973
0.864791
0.864608
0.864423
0.864237
0.86405
0.863862
0.863673
0.863483
0.863293
0.863102
0.862911
0.862719
0.862528
0.862337
0.862146
0.861955
0.861765
0.861576
0.861388
0.861201
0.861015
0.860831
0.860648
0.860467
0.860289
0.860112
0.859938
0.859767
0.859598
0.859433
0.859271
0.859112
0.858957
0.858805
0.858658
0.858514
0.858376
0.858241
0.858112
0.857988
0.857868
0.857755
0.857646
0.857544
0.857447
0.857357
0.857273
0.857195
0.857124
0.857059
0.857002
0.856951
0.856908
0.856871
0.856843
0.856821
0.856807
0.856801
0.856803
0.856812
0.856829
0.856855
0.856888
0.856928
0.856977
0.857034
0.857099
0.857171
0.857252
0.85734
0.857436
0.857539
0.857651
0.857769
0.857895
0.858029
0.858169
0.858317
0.858471
0.858632
0.8588
0.858974
0.859155
0.859341
0.859533
0.859732
0.859936
0.860145
0.860359
0.860579
0.860803
0.861032
0.861266
0.861503
0.861746
0.861992
0.862242
0.862495
0.862752
0.863013
0.863277
0.863544
0.863814
0.864087
0.864362
0.864641
0.864922
0.865205
0.865491
0.865778
0.866069
0.866361
0.866655
0.866951
0.867248
0.867548
0.867849
0.868151
0.868455
0.86876
0.869067
0.869374
0.869682
0.869991
0.8703
0.870609
0.870919
0.871228
0.871537
0.871846
0.872153
0.872459
0.872764
0.873067
0.873368
0.873666
0.873961
0.874253
0.874541
0.874825
0.875105
0.875379
0.875649
0.875912
0.876169
0.87642
0.876664
0.8769
0.877129
0.877349
0.877561
0.877764
0.877958
0.878143
0.878318
0.878483
0.878639
0.878784
0.878918
0.879043
0.879157
0.87926
0.879353
0.879436
0.879509
0.879572
0.879625
0.879668
0.879701
0.879726
0.879742
0.87975
0.879749
0.879741
0.879726
0.879704
0.879675
0.879641
0.879602
0.879558
0.87951
0.879458
0.879403
0.879346
0.879286
0.879226
0.879165
0.879103
0.879042
0.878981
0.878922
0.878865
0.87881
0.878758
0.878709
0.878664
0.878623
0.878586
0.878553
0.878525
0.878502
0.878484
0.878472
0.878464
0.878462
0.878465
0.878473
0.878486
0.878503
0.878525
0.87855
0.87858
0.878612
0.878648
0.878686
0.878726
0.878767
0.878809
0.878851
0.878893
0.878933
0.878973
0.87901
0.879044
0.879075
0.879103
0.879126
0.879145
0.879158
0.879166
0.879167
0.879163
0.879152
0.879134
0.879109
0.879077
0.879038
0.878991
0.878937
0.878876
0.878807
0.878731
0.878648
0.878559
0.878462
0.878359
0.87825
0.878136
0.878015
0.87789
0.877759
0.877624
0.877485
0.877341
0.877195
0.877046
0.876894
0.87674
0.876584
0.876427
0.876269
0.87611
0.875952
0.875794
0.875637
0.875481
0.875326
0.875174
0.875024
0.874877
0.874733
0.874593
0.874457
0.874325
0.874197
0.874075
0.873958
0.873846
0.87374
0.873641
0.873548
0.873462
0.873383
0.873311
0.873246
0.87319
0.873141
0.8731
0.873068
0.873044
0.873028
0.873021
0.873024
0.873035
0.873055
0.873084
0.873122
0.873169
0.873226
0.873291
0.873366
0.87345
0.873543
0.873645
0.873755
0.873875
0.874003
0.874139
0.874284
0.874437
0.874597
0.874766
0.874941
0.875125
0.875315
0.875511
0.875714
0.875923
0.876138
0.876358
0.876584
0.876814
0.877048
0.877287
0.877529
0.877774
0.878023
0.878274
0.878526
0.878781
0.879037
0.879294
0.879551
0.879809
0.880066
0.880323
0.880579
0.880833
0.881086
0.881336
0.881585
0.88183
0.882072
0.882311
0.882546
0.882778
0.883004
0.883227
0.883444
0.883656
0.883863
0.884065
0.88426
0.88445
0.884633
0.88481
0.88498
0.885144
0.885301
0.885451
0.885594
0.885729
0.885857
0.885978
0.886092
0.886198
0.886296
0.886387
0.88647
0.886546
0.886613
0.886674
0.886726
0.886771
0.886808
0.886837
0.886859
0.886873
0.88688
0.886879
0.886871
0.886855
0.886832
0.886802
0.886765
0.88672
0.886669
0.88661
0.886544
0.886472
0.886393
0.886308
0.886215
0.886117
0.886012
0.8859
0.885783
0.885659
0.885529
0.885394
0.885253
0.885105
0.884953
0.884795
0.884631
0.884462
0.884288
0.884108
0.883924
0.883734
0.88354
0.883341
0.883137
0.882929
0.882716
0.882499
0.882277
0.882051
0.881821
0.881587
0.881349
0.881107
0.880861
0.880612
0.880359
0.880102
0.879842
0.879578
0.879311
0.879041
0.878768
0.878491
0.878212
0.87793
0.877644
0.877356
0.877066
0.876772
0.876477
0.876178
0.875878
0.875575
0.87527
0.874962
0.874653
0.874342
0.874028
0.873713
0.873396
0.873078
0.872758
0.872436
0.872113
0.871788
0.871463
0.871136
0.870808
0.870479
0.870149
0.869818
0.869487
0.869154
0.868822
0.868489
0.868155
0.867821
0.867487
0.867153
0.866819
0.866486
0.866152
0.865819
0.865486
0.865154
0.864823
0.864493
0.864163
0.863835
0.863508
0.863182
0.862857
0.862535
0.862213
0.861894
0.861577
0.861262
0.86095
0.86064
0.860332
0.860027
0.859726
0.859427
0.859132
0.85884
0.858551
0.858267
0.857986
0.857709
0.857437
0.857169
0.856906
0.856647
0.856394
0.856146
0.855903
0.855665
0.855433
0.855208
0.854988
0.854774
0.854567
0.854366
0.854172
0.853985
0.853805
0.853632
0.853467
0.853309
0.853159
0.853017
0.852882
0.852756
0.852637
0.852527
0.852426
0.852333
0.852248
0.852172
0.852105
0.852047
0.851997
0.851956
0.851924
0.851901
0.851887
0.851881
0.851884
0.851896
0.851917
0.851947
0.851984
0.852031
0.852085
0.852148
0.852219
0.852297
0.852384
0.852478
0.852579
0.852687
0.852802
0.852924
0.853053
0.853187
0.853327
0.853474
0.853625
0.853781
0.853943
0.854109
0.854279
0.854452
0.85463
0.854811
0.854994
0.855181
0.85537
0.85556
0.855753
0.855947
0.856142
0.856338
0.856535
0.856732
0.856929
0.857126
0.857323
0.857519
0.857714
0.857908
0.8581
0.858291
0.858481
0.858669
0.858855
0.859039
0.859221
0.8594
0.859577
0.859752
0.859925
0.860095
0.860263
0.860428
0.860591
0.860751
0.860909
0.861065
0.861219
0.86137
0.86152
0.861668
0.861814
0.861958
0.862101
0.862243
0.862384
0.862524
0.862663
0.862802
0.862941
0.86308
0.863219
0.863358
0.863499
0.86364
0.863782
0.863926
0.864072
0.864219
0.864369
0.864521
0.864676
0.864834
0.864994
0.865158
0.865326
0.865496
0.865671
0.865849
0.866032
0.866218
0.866408
0.866602
0.866801
0.867004
0.86721
0.86742
0.867635
0.867853
0.868074
0.868299
0.868526
0.868757
0.86899
0.869225
0.869462
0.8697
0.869939
0.870179
0.870419
0.870659
0.870898
0.871135
0.871371
0.871605
0.871835
0.872063
0.872287
0.872506
0.872721
0.872931
0.873135
0.873333
0.873525
0.87371
0.873888
0.874059
0.874222
0.874376
0.874523
0.874662
0.874792
0.874913
0.875026
0.875129
0.875225
0.875311
0.875388
0.875457
0.875518
0.87557
0.875613
0.875649
0.875676
0.875696
0.875708
0.875713
0.875711
0.875702
0.875687
0.875665
0.875637
0.875604
0.875565
0.875521
0.875473
0.87542
0.875362
0.875301
0.875236
0.875168
0.875097
0.875023
0.874946
0.874867
0.874787
0.874705
0.874621
0.874536
0.87445
0.874364
0.874277
0.87419
0.874102
0.874015
0.873929
0.873843
0.873757
0.873673
0.87359
0.873508
0.873428
0.873349
0.873272
0.873197
0.873125
0.873054
0.872986
0.87292
0.872858
0.872798
0.872741
0.872687
0.872636
0.872588
0.872544
0.872504
0.872467
0.872434
0.872405
0.87238
0.872359
0.872342
0.872329
0.872322
0.872318
0.872319
0.872326
0.872337
0.872352
0.872374
0.8724
0.872431
0.872468
0.872511
0.872559
0.872613
0.872672
0.872738
0.872809
0.872887
0.872971
0.873061
0.873157
0.87326
0.873369
0.873485
0.873608
0.873737
0.873873
0.874016
0.874166
0.874323
0.874486
0.874657
0.874834
0.875019
0.875211
0.875409
0.875615
0.875828
0.876047
0.876273
0.876507
0.876747
0.876993
0.877246
0.877506
0.877772
0.878044
0.878323
0.878607
0.878897
0.879193
0.879494
0.8798
0.880112
0.880428
0.880749
0.881074
0.881403
0.881735
0.882072
0.882411
0.882754
0.883099
0.883446
0.883796
0.884147
0.884499
0.884853
0.885207
0.885562
0.885916
0.88627
0.886624
0.886977
0.887328
0.887677
0.888025
0.88837
0.888713
0.889052
0.889388
0.889721
0.890049
0.890374
0.890693
0.891008
0.891318
0.891622
0.891921
0.892214
0.892501
0.892781
0.893055
0.893322
0.893582
0.893834
0.89408
0.894318
0.894548
0.894771
0.894985
0.895192
0.89539
0.89558
0.895762
0.895935
0.8961
0.896256
0.896404
0.896543
0.896673
0.896795
0.896907
0.897012
0.897107
0.897194
0.897272
0.897341
0.897402
0.897454
0.897498
0.897533
0.897559
0.897578
0.897588
0.897589
0.897583
0.897568
0.897545
0.897514
0.897476
0.897429
0.897375
0.897313
0.897244
0.897167
0.897083
0.896992
0.896894
0.896788
0.896676
0.896557
0.896431
0.896298
0.896159
0.896014
0.895862
0.895704
0.89554
0.895369
0.895193
0.895011
0.894824
0.894631
0.894432
0.894228
0.894019
0.893804
0.893584
0.89336
0.89313
0.892896
0.892657
0.892413
0.892165
0.891912
0.891655
0.891394
0.891128
0.890859
0.890585
0.890308
0.890027
0.889742
0.889453
0.889161
0.888866
0.888567
0.888264
0.887959
0.88765
0.887339
0.887024
0.886707
0.886387
0.886064
0.885738
0.88541
0.88508
0.884747
0.884412
0.884074
0.883735
0.883393
0.88305
0.882704
0.882357
0.882008
0.881658
0.881306
0.880952
0.880597
0.880241
0.879884
0.879526
0.879166
0.878806
0.878445
0.878083
0.877721
0.877358
0.876995
0.876631
0.876267
0.875903
0.87554
0.875176
0.874812
0.874449
0.874087
0.873725
0.873363
0.873003
0.872643
0.872285
0.871928
0.871572
0.871217
0.870865
0.870514
0.870165
0.869818
0.869473
0.869131
0.868791
0.868454
0.868119
0.867788
0.86746
0.867135
0.866814
0.866496
0.866182
0.865872
0.865567
0.865265
0.864968
0.864676
0.864389
0.864107
0.86383
0.863559
0.863293
0.863033
0.862779
0.862531
0.862289
0.862054
0.861826
0.861604
0.86139
0.861182
0.860982
0.86079
0.860605
0.860427
0.860258
0.860097
0.859944
0.859799
0.859662
0.859534
0.859415
0.859304
0.859202
0.859109
0.859024
0.858948
0.858882
0.858824
0.858775
0.858734
0.858703
0.858681
0.858667
0.858661
0.858665
0.858677
0.858697
0.858725
0.858762
0.858806
0.858858
0.858918
0.858985
0.859059
0.85914
0.859228
0.859322
0.859422
0.859528
0.85964
0.859757
0.859879
0.860006
0.860137
0.860272
0.86041
0.860553
0.860698
0.860846
0.860996
0.861148
0.861303
0.861458
0.861615
0.861772
0.86193
0.862087
0.862245
0.862402
0.862558
0.862714
0.862867
0.86302
0.86317
0.863318
0.863465
0.863608
0.863749
0.863887
0.864022
0.864153
0.864282
0.864407
0.864528
0.864646
0.86476
0.86487
0.864976
0.865079
0.865178
0.865272
0.865363
0.865451
0.865534
0.865614
0.86569
0.865762
0.865832
0.865897
0.86596
0.86602
0.866076
0.86613
0.866182
0.866231
0.866278
0.866322
0.866365
0.866406
0.866446
0.866485
0.866522
0.866559
0.866595
0.866631
0.866666
0.866701
0.866737
0.866773
0.86681
0.866847
0.866885
0.866924
0.866965
0.867006
0.867049
0.867094
0.867139
0.867187
0.867236
0.867287
0.867339
0.867393
0.867448
0.867505
0.867563
0.867621
0.867681
0.867742
0.867803
0.867864
0.867925
0.867985
0.868045
0.868104
0.868161
0.868217
